r_segm nt_0   7 -0.83 1500.0015000  HY5K AA00 30            0  0.96  1  1    0  0   0     1   810
r_segm nt_0   7 -0.83 1500.0015000  HY5K AA00 30            0  0.96  1  1    0  0   0     1   810
r_segm nt_0  13 -0.83 1500.0015000  KE7N BG30 20            0  0.98  1  1    0  0   0     1   810
r_segm nt_0   7 -0.83 1500.0015000  HY5K AA00 30            0  0.96  1  1    0  0   0     1   810
r_segm nt_0   7 -0.83 1500.0015000  HY5K AA00 30            0  0.96  1  1    0  0   0     1   810
r_segm nt_0   7 -0.83 1500.0015000  HY5K AA00 30            0  0.96  1  1    0  0   0     1   810
r_segm nt_0   7 -0.83 1500.0015000  HY5K AA00 30            0  0.96  1  1    0  0   0     1   810
r_segm nt_0   7 -0.83 1500.0015000  HY5K AA00 30            0  0.96  1  1    0  0   0     1   810
r_segm nt_0   7 -0.83 1500.0015000  HY5K AA00 30            0  0.96  1  1    0  0   0     1   810
r_segm nt_0  -2  0.32 1500.0015000  HY5K AA00 20            0  0.90  1  1    0  0   0     1   810
r_segm nt_0  -2  0.32 1500.0015000  HY5K AA00 20            0  0.90  1  1    0  0   0     1   810
r_segm nt_0  -2  0.32 1500.0015000  HY5K AA00 20            0  0.90  1  1    0  0   0     1   810
r_segm nt_0  -2  0.32 1500.0015000  HY5K AA00 20            0  0.90  1  1    0  0   0     1   810
r_segm nt_0  -2  0.32 1500.0015000  HY5K AA00 20            0  0.90  1  1    0  0   0     1   810
r_segm nt_0  -2  0.32 1500.0015000  HY5K AA00 20            0  0.90  1  1    0  0   0     1   810
r_segm nt_0  -2  0.32 1500.0015000  HY5K AA00 20            0  0.90  1  1    0  0   0     1   810
r_segm nt_0  -2  0.32 1500.0015000  HY5K AA00 20            0  0.90  1  1    0  0   0     1   810
r_segm nt_0  -2  0.32 1500.0015000  HY5K AA00 20            0  0.90  1  1    0  0   0     1   810
r_segm nt_0  -2  0.32 1500.0015000  HY5K AA00 20            0  0.90  1  1    0  0   0     1   810
r_segm nt_0  -2  0.32 1500.0015000  HY5K AA00 20            0  0.90  1  1    0  0   0     1   810
r_segm nt_0  12 -0.91 1500.0015000  HY5K AA00 20            0  0.97  1  1    0  0   0     1   810
r_segm nt_0  12 -0.91 1200.0015000  HY5K AA00 20            0  0.97  1  1    0  0   0     1   810
r_segm nt_0  12 -0.91 1500.0015000  HY5K AA00 20            0  0.97  1  1    0  0   0     1   810
r_segm nt_0  -2  0.32 1500.0015000  HY5K AA00 20            0  0.90  1  1    0  0   0     1   810
r_segm nt_0  -2  0.32 1500.0015000  HY5K AA00 20            0  0.90  1  1    0  0   0     1   810
r_segm nt_0  12 -0.91 1200.0015000  HY5K AA00 20            0  0.97  1  1    0  0   0     1   810
r_segm nt_0  12 -0.91 1500.0015000  HY5K AA00 20            0  0.97  1  1    0  0   0     1   810
r_segm nt_0  11 -0.91 1200.0012000  HY5K AA00 20            0  0.97  1  1    0  0   0     1   810
r_segm nt_0  18 -0.91 1200.0012000  KE7N AA00 20            0  0.99  1  1    0  0   0     1   810
r_segm nt_0   8 -0.91 1000.0010000  KE7N AA00 20            0  0.96  1  1    0  0   0     1   810
r_segm nt_0   8 -0.91 1000.0010000  KE7N AA00 20            0  0.96  1  1    0  0   0     1   810
r_segm nt_0   8 -0.91 1000.0010000  KE7N AA00 20            0  0.96  1  1    0  0   0     1   810
r_segm nt_0   8 -0.91 1000.0010000  KE7N AA00 20            0  0.96  1  1    0  0   0     1   810
r_segm nt_0   8 -0.91 1000.0010000  KE7N AA00 20            0  0.96  1  1    0  0   0     1   810
r_segm nt_0   7 170.26 1000.0010000  HY5K AA00 20            0  0.97  1  1    0  0   0     1   810
r_segm nt_0   8 -0.91 1000.0010000  KE7N AA00 20            0  0.96  1  1    0  0   0     1   810
r_segm nt_0   8 -0.91 1000.0010000  KE7N AA00 20            0  0.96  1  1    0  0   0     1   810
segmen _0_0  12 -0.91 1000.0010000  HY5K AA00 20            0  0.97  1  1    0  0   0     1   810
segmen _0_0   8 -0.91 1000.0010000  HY5K AA00 20            0  0.96  1  1    0  0   0     1   810
segmen _0_0   8 -0.91 1000.0010000  HY5K AA00 20            0  0.96  1  1    0  0   0     1   810
segmen _0_0   8 -0.91 1000.0010000  HY5K AA00 20            0  0.96  1  1    0  0   0     1   810
    kÁ _0_0 -29 -0.49 1000.0011009  HY5K AA00 20           -4  0.18  1  1    0  0  29    18    -7
    kÁ _0_0 -29 -0.49 1000.0011009  HY5K AA00 20           -4  0.18  1  1    0  0  29    18    -7
    kÁ _0_0 -29 -0.49 1000.0011009  HY5K AA00 20           -4  0.18  1  1    0  0  29    18    -7
    kÁ _0_0 -29 -0.49 1000.0011009  HY5K AA00 20           -4  0.18  1  1    0  0  29    18    -7
    kÁ _0_0 -29 -0.49 1000.0011009  HY5K AA00 20           -4  0.18  1  1    0  0  29    18    -7
    kÁ _0_0 -29 -0.49 1000.0011009  HY5K AA00 20           -4  0.18  1  1    0  0  29    18    -7
    kÁ _0_0 -29 -0.49 1000.0011009  HY5K AA00 20           -4  0.18  1  1    0  0  29    18    -7
    kÁ _0_0 -29 -0.49 1000.0011009  HY5K AA00 20           -4  0.18  1  1    0  0  29    18    -7
    kÁ _0_0 -29 -0.49 1000.0011009  HY5K AA00 20           -4  0.18  1  1    0  0  29    18    -7
    kÁ _0_0 -29 -0.49 1000.0011009  HY5K AA00 20           -4  0.18  1  1    0  0  29    18    -7
    kÁ _0_0 -29 -0.49 1000.0011009  HY5K AA00 20           -4  0.18  1  1    0  0  29    18    -7
    kÁ _0_0 -29 -0.49 1000.0011009  HY5K AA00 20           -4  0.18  1  1    0  0  29    18    -7
    kÁ _0_0 -29 -0.49 1000.0011009  HY5K AA00 20           -4  0.18  1  1    0  0  29    18    -7
    kÁ _0_0 -29 -0.49 1000.0011009  HY5K AA00 20           -4  0.18  1  1    0  0  29    18    -7
    kÁ _0_0 -29 -0.49 1000.0011009  HY5K AA00 20           -4  0.18  1  1    0  0  29    18    -7
    kÁ _0_0 -29 -0.49 1000.0011009  HY5K AA00 20           -4  0.18  1  1    0  0  29    18    -7
    kÁ _0_0 -29 -0.49 1000.0011009  HY5K AA00 20           -4  0.18  1  1    0  0  29    18    -7
    kÁ _0_0 -29 -0.49 1000.0011009  HY5K AA00 20           -4  0.18  1  1    0  0  29    18    -7
    kÁ _0_0 -29 -0.49 1000.0011009  HY5K AA00 20           -4  0.18  1  1    0  0  29    18    -7
    kÁ _0_0 -29 -0.49 1000.0011009  HY5K AA00 20           -4  0.18  1  1    0  0  29    18    -7
    kÁ ment -29 -0.49 1000.0011009  HY5K AA00 20           -4  0.18  1  1    0  0  29    18    -7
    kÁ ment -29 -0.49 1000.0011009  HY5K AA00 20           -4  0.18  1  1    0  0  29    18    -7
    kÁ ment -29 -0.49 1000.0011009  HY5K AA00 20           -4  0.18  1  1    0  0  29    18    -7
    kÁ 1430 -29 -0.49 1000.0011009  HY5K AA00 20           -4  0.18  1  1    0  0  29    18    -7
    kÁ _0_0 -29 -0.49 1000.0011009  HY5K AA00 20           -4  0.18  1  1    0  0  29    18    -7
    kÁ 1430 -29 -0.49 1000.0011009  HY5K AA00 20           -4  0.18  1  1    0  0  29    18    -7
    kÁ 1430 -29 -0.49 1000.0011009  HY5K AA00 20           -4  0.18  1  1    0  0  29    18    -7
    kÁ 1430 -29 -0.49 1000.0011009  HY5K AA00 20           -4  0.18  1  1    0  0  29    18    -7
210715 1430 -29 -0.49 1000.0011009  HY5K AA00 20           -4  0.18  1  1    0  0  29    18    -7
210715 1430 -29 -0.49 1000.0011009  HY5K AA00 20           -4  0.18  1  1    0  0  29    18    -7
210715 1430 -29 -0.49 1000.0011009  HY5K AA00 20           -4  0.18  1  1    0  0  29    18    -7
210715 1430 -29 -0.49 1000.0011009  HY5K AA00 20           -4  0.18  1  1    0  0  29    18    -7
210715 1430 -29 -0.49 1000.0011009  HY5K AA00 20           -4  0.18  1  1    0  0  29    18    -7
segmen _0_0 -29 -0.49 1000.0011009  HY5K AA00 20           -4  0.18  1  1    0  0  29    18    -7
segmen _0_0 -29 -0.49 1000.0011009  HY5K AA00 20           -4  0.18  1  1    0  0  29    18    -7
segmen _0_0 -29 -0.49 1000.0011009  HY5K AA00 20           -4  0.18  1  1    0  0  29    18    -7
segmen _0_0  32 -0.49 280.0002607  HY5K AA00 20           -4  0.90  1  1    0  0   0     1   810
segmen _0_0  32 -0.49 280.0002607  HY5K AA00 20           -4  0.90  1  1    0  0   0     1   810
segmen _0_0  32 -0.49 280.0002607  HY5K AA00 20           -4  0.90  1  1    0  0   0     1   810
segmen _0_0 -22 -0.49 440.0005008  HY5K AA00 20           -4  0.16  1  1    0  0  22   140  -147
segmen _0_0 -22 -0.53 600.0006207  HY5K AA00 20           -4  0.44  1  1    0  0   1     1   731
segmen _0_0 -29 -0.53 1080.0011010  HY5K AA00 20           -4  0.18  1  1    0  0  30   310   -92
segmen _0_0  23 -0.49 3800.0037408  HY5K AA00 20            4  0.76  1  1   40  0  25  1237  -119
segmen _0_0  32 -0.49 280.0002607  HY5K AA00 20           -4  0.90  1  1    0  0   0     1   810
segmen _0_0  32 -0.49 280.0002607  HY5K AA00 20           -4  0.90  1  1    0  0   0     1   810
segmen _0_0 -26 -0.74 1500.0014302  HY5K AA00 20            0  0.22  1  1    0  0  19     1   236
segmen _0_0 -27 -0.74 1500.0015500  HY5K AA00 20            0  0.24  1  1    0  0  21     1   197
segmen _0_0 -21 -0.74 1000.0009501  HY5K AA00 20            0  0.41  1  1    0  0   1     1   724
segmen _0_0 -20 -0.70 1000.0010701  HY5K AA00 20            0  0.47  1  1    0  0   2     1   656
segmen _0_0 -21 -0.74 1000.0009501  HY5K AA00 20            0  0.41  1  1    0  0   1     1   724
segmen _0_0 -20 -0.70 1000.0010701  HY5K AA00 20            0  0.47  1  1    0  0   2     1   656
segmen _0_0 -29 -0.49 1000.0011009  HY5K AA00 20           -4  0.18  1  1    0  0  29    18    -7
segmen _0_0 -29 -0.49 1000.0011009  HY5K AA00 20           -4  0.18  1  1    0  0  29    18    -7
segmen _0_0  32 -0.49 280.0002607  HY5K AA00 20           -4  0.90  1  1    0  0   0     1   810
